====|====|====|====|====|====|====|====|====|====|====|====|====|====|====|====|

         5.24141        1             


         27.1904        0             
        -7.39824        1             
        -23.1243       -1             
         2.24411       -2             
        -0.0979108     -3             

 = []
 = []
 = []
===============================================================================

         1.01686        0.25           1              0             
        -2.19713        1.125          1              0             
         0.754432       1.5            1              0             
        -0.680034       1.375          2              0             
         0.190822       0.25           3              0             
         0.00105301     0.875          7              0             


         0.628459       0.625          2              1             
         0.030903       1.75           5              1             
        -0.839487       3.625          1              2             
        -0.202624       3.625          4              2             
        -0.0351316      14.5           3              3             
         0.0259023      12             4              3             

 = []
===============================================================================

        -8.6671         1             
         11.649         1.5           
        -11.484         1.65          
        -5.3256         4.5           


         14.533         0.584         
        -49.804         0.8           
         83.748         1.02          
        -70.321         1.26          
         24.283         1.5           


        -3.5719         0.373         
        -147.4          2.15          
         406.99         2.6           
        -696.76         3.3           
         1254.1         4.2           
        -911.99         4.6           

